456.4934 76.98279 973.7541 501.4262 314.96942 802.1559 18.881714 175.54706 2.0559082 313.2602 148.00781 665.4797 378.1809 735.68555 349.1352 
596.74817 333.8261 682.6479 637.50024 115.772156 835.9368 542.17236 557.2535 547.30975 524.2763 493.53503 371.25415 857.53516 141.45062 30.828552 
404.974 399.47894 379.52777 131.5174 353.04785 787.7042 772.7062 455.4859 600.193 141.24292 147.87323 277.30774 309.0113 859.58185 543.8969 
424.34143 821.2403 429.94836 398.60553 574.618 10.984131 96.25311 806.8273 121.09857 519.2158 170.76898 526.32587 850.02966 927.33563 924.11646 
451.55646 857.1108 260.01648 320.05115 518.2796 188.20398 496.3091 136.10223 563.3629 176.68433 659.5604 582.2439 745.18866 944.59247 926.47876 
171.0462 708.9143 465.5763 911.0426 937.7519 123.89679 975.8538 521.8673 648.1274 46.905884 112.534424 728.10693 617.9055 67.16333 888.8008 
814.64166 608.0098 584.87445 830.528 837.22095 527.568 129.71307 840.5556 101.828186 356.34863 483.43878 467.57635 267.1623 948.48047 661.0517 
469.06232 335.06543 202.74298 910.1343 471.08044 440.58618 744.69336 579.2141 398.15137 858.33545 436.57275 35.795105 302.02515 563.4593 873.64044 
685.58167 849.5487 473.919 193.61334 905.8496 257.26642 284.37067 103.1275 141.65057 81.74701 972.3835 607.16174 711.9636 940.2414 628.0636 
756.5984 760.621 889.8556 982.42914 764.2373 321.35962 488.9592 951.43475 295.9525 222.64429 441.11066 530.66473 267.90363 946.0825 986.4678 
674.94147 517.24646 328.31512 574.02686 580.7647 468.12457 686.2656 564.4872 92.44055 362.7475 498.23297 345.30237 501.6827 923.36615 379.50525 
293.3452 612.88983 401.10522 68.98688 918.8189 685.4348 326.6311 488.9826 501.27988 634.4397 639.7571 523.11414 190.77252 803.15094 23.8844 
687.75476 194.75604 50.769653 259.86517 929.91394 607.7178 520.12384 17.32196 988.5411 363.58466 109.080444 538.7143 641.67114 555.4186 122.068115 
762.0795 424.4541 716.7759 240.65363 109.841675 245.47589 623.8326 783.53406 629.5736 746.9001 645.06116 561.95435 145.33759 163.54443 515.0333 
837.5653 910.29724 4.260559 606.46344 287.1261 52.31891 366.84253 375.5326 674.86865 259.80835 357.3777 147.45892 766.5689 517.25183 143.36713 
131.50531 159.81653 901.1571 920.1701 176.12018 392.15472 664.1114 896.7059 164.11346 734.3957 15.584778 221.74786 928.5409 545.0596 458.86865 
142.46179 111.39142 6.896057 143.63934 389.1908 398.20135 415.8664 545.6758 985.7286 54.292908 485.59705 978.9639 449.127 776.7117 272.48767 
944.1677 249.60413 815.4982 445.17596 398.80444 272.51196 845.9868 844.9658 190.70898 861.5637 673.24304 84.37396 517.328 488.11115 125.36542 
49.03485 671.4072 713.3291 967.0208 259.14655 873.57367 856.6733 400.1742 38.298462 234.94849 102.28601 9.438293 61.634155 623.5201 118.13464 
718.2578 736.1071 269.8285 7.905884 935.85046 564.6543 665.74304 48.48462 27.062378 422.5744 516.60754 163.87689 745.07043 700.3345 911.42804 
230.6341 153.53522 619.5614 673.41583 114.31879 288.71326 377.1891 478.52405 648.8131 964.4516 166.89923 327.42773 895.2627 139.70197 474.00122 
34.55847 597.02234 9.866394 883.2188 101.40607 393.5313 840.9277 273.44983 69.57416 824.3641 940.2006 364.73047 949.2873 963.5285 909.82104 
549.58496 551.0335 792.9886 129.72949 658.4282 737.5122 25.59143 343.687 985.4743 827.4482 480.02954 380.61145 256.08282 435.2567 800.4757 
254.10309 86.75275 215.60455 678.51733 996.81226 636.1504 973.85516 353.67767 433.24762 8.771179 513.6522 517.664 959.2023 650.0029 383.23804 
377.6162 668.03735 521.83154 157.52759 680.19354 760.3425 49.026306 671.23 184.20917 705.49066 615.5564 94.28674 708.81866 674.2893 47.75055 
72.71936 191.24365 123.58197 420.17084 237.89496 383.06842 919.5295 804.4044 687.9492 723.1617 988.00793 501.67752 830.9717 367.46057 224.18134 
711.1011 587.0094 750.0022 806.4181 460.74268 250.28955 824.7498 813.5858 12.354675 781.41266 414.25446 169.1593 974.04956 866.8351 372.94177 
57.240173 813.926 583.5822 419.562 180.39697 165.56732 472.7124 125.89984 813.57916 256.04254 157.86346 731.4133 18.272156 745.3136 418.64935 
100.0686 361.4311 973.8004 126.5036 938.6311 319.49908 643.2235 872.5879 883.9564 721.5968 142.59131 656.3739 568.71423 172.91174 545.71655 
768.7672 208.84967 143.05035 312.00586 86.867615 973.80444 98.8642 874.56055 869.3917 909.6462 0.5587158 974.8494 503.44528 736.5386 866.4081 
