95.783325 518.8189 834.00946 833.83594 219.4458 379.1078 364.49512 58.177002 306.82996 315.0797 773.59143 439.9856 36.45349 737.68427 879.04126 341.31927 441.3636 218.64246 398.4851 390.03247 413.7868 371.63123 32.76758 445.50006 74.44946 
614.2007 420.7934 466.6208 642.1278 373.0423 976.6437 79.28711 674.60205 720.6886 122.46771 549.10724 912.45654 0.49291992 720.7473 678.7804 945.8948 736.60156 94.23535 118.84595 251.76917 49.54181 671.6996 208.28564 792.5408 318.21735 
946.5744 48.28485 422.13324 143.09076 487.51752 743.48584 582.49524 719.98535 127.19183 226.5376 455.30347 153.8056 774.78625 186.92621 649.96606 680.50854 417.4558 986.4886 654.62354 697.4723 231.40637 218.42908 120.319214 836.2674 503.64697 
65.93237 78.076416 472.5102 982.18134 191.4701 370.8692 632.7478 571.6401 249.53516 529.47797 879.4088 540.4679 634.91394 831.06934 837.31525 205.42883 883.97577 108.151855 830.74786 320.62494 931.1737 503.0272 522.05945 648.66864 800.9616 
510.35107 51.525085 148.91821 335.44354 146.11615 701.5126 893.1559 464.53528 485.66077 201.82361 365.88367 851.5346 455.9422 895.1204 706.71704 605.90656 662.3507 858.42285 330.91467 675.58704 637.7505 52.41559 876.8474 592.58887 254.16223 
448.229 615.08923 295.03052 984.7694 436.75598 371.27002 908.5932 993.5411 230.35956 314.00104 633.20874 237.43024 295.00665 123.042725 280.57446 64.91785 420.42657 776.2384 149.99854 802.2109 489.9983 609.50903 559.8594 587.4114 790.71704 
194.33179 100.061646 190.49677 714.02905 871.8727 86.63324 145.95636 745.0096 240.90265 528.8711 504.54242 675.1383 942.27313 49.25476 632.54675 521.6937 288.22742 614.16235 277.83624 592.3048 324.92133 414.83374 313.9704 872.6917 40.475647 
359.0749 636.30505 516.478 512.47754 915.0469 978.4635 953.64246 357.85266 520.7345 330.9499 454.888 756.1835 131.20691 215.3197 737.1849 331.03455 682.1804 715.9372 879.3728 270.9005 599.6527 835.8736 517.7374 922.5449 703.0713 
581.99854 867.431 783.4898 887.7728 747.97015 529.4641 960.61597 855.35614 938.69867 150.1803 767.7388 54.91095 34.569214 850.8554 328.11084 302.26013 96.54053 16.572021 520.1664 54.798096 930.9396 302.97186 415.18182 126.09735 808.96606 
654.9386 757.2948 133.92462 862.7512 424.80768 570.35156 346.0713 134.4671 111.52844 756.56006 769.03094 829.36005 53.513367 36.789185 263.86542 689.0387 925.92456 227.9696 69.51282 423.83704 820.4925 910.22723 954.40784 377.5959 196.37726 
692.464 926.74365 772.6117 31.10852 616.79846 444.59326 913.43823 278.3084 23.448914 230.6806 141.49481 100.155945 317.80212 680.5731 939.2142 78.81708 543.2875 452.94818 821.08875 723.0354 904.9015 788.5521 370.91022 603.36035 71.42828 
921.471 53.37195 786.3741 300.93604 544.6446 727.5957 652.19775 383.92725 334.34326 959.50775 611.11163 960.07275 870.2141 758.0141 383.9129 855.2844 986.2255 607.3417 849.9668 11.874939 365.59772 143.52448 708.78174 564.7269 481.1538 
294.669 835.4048 92.53052 465.10925 159.44788 54.404785 642.69574 731.2632 233.7915 505.22083 139.0968 601.5574 18.231873 999.4694 989.79486 544.7814 148.98724 799.7469 946.2826 434.74127 285.39374 932.76074 720.34686 808.4024 238.4657 
9.764832 254.73804 239.56226 557.627 471.1787 158.53723 274.56036 598.211 540.9126 555.2448 725.6664 350.2998 853.578 444.95465 824.54016 229.4231 575.65466 964.7437 319.4574 286.4306 683.1156 693.1709 550.36865 945.669 636.5032 
397.23578 918.2689 769.41437 985.6663 101.2124 970.57855 531.24365 401.54053 857.7823 998.25415 94.6947 336.89288 0.034484863 641.1158 770.10706 397.90265 336.77942 928.52124 771.7819 803.12103 146.79126 747.5076 992.8454 277.10107 772.61395 
592.5704 723.6525 891.12683 24.099243 156.17657 237.28192 674.07153 865.2207 170.6767 180.95404 802.52576 414.05243 972.1327 0.3928833 40.24408 632.31287 546.59503 986.8958 294.42938 939.9491 342.61548 464.24207 324.96753 858.5566 368.68542 
977.641 831.24243 591.57324 733.45703 335.47443 642.40894 873.97437 149.83917 713.8944 871.2323 818.8304 931.9272 445.21844 182.03735 890.22003 919.15826 936.75336 962.58887 395.1421 861.12427 18.236755 356.55212 18.563965 874.781 591.14325 
745.0153 705.2704 860.9811 751.8059 857.78094 615.40356 568.86487 95.08984 517.9276 753.3462 159.5102 785.6046 536.9712 675.62476 214.07635 778.1808 984.36334 36.079773 902.52515 967.94275 444.78528 574.104 325.8302 397.94464 980.1103 
963.93665 183.86444 51.375854 612.44714 751.2641 623.9374 485.8681 166.20642 47.01776 416.5614 925.639 5.480652 408.5376 741.8375 727.9778 703.65717 554.90125 286.80823 351.58435 130.16968 310.44 823.7294 830.5265 802.03705 448.66815 
189.6723 440.6955 707.27563 381.0573 426.5053 437.91888 227.97571 877.587 360.98383 759.0408 544.256 476.84485 745.8008 905.304 658.90894 981.3068 624.53455 863.03485 324.5141 246.6012 505.9378 119.4693 256.89734 484.4356 597.3756 
156.97339 923.4863 751.70105 805.56903 877.29004 638.2123 225.94928 626.49866 669.2424 457.4848 916.9949 125.84363 902.5891 195.23187 546.7998 602.157 453.61316 472.69525 843.2851 354.6377 605.61926 853.4645 820.43427 589.4104 872.5386 
749.9383 211.59998 943.6803 151.86926 704.3517 513.8761 846.5898 752.8856 573.03644 316.66534 307.00336 933.226 97.00018 527.2079 261.26935 215.12054 691.1092 868.35803 374.84973 263.3603 97.78467 775.8258 440.68127 800.7259 475.29602 
589.22327 834.77765 296.79114 223.78516 704.8671 530.3491 911.27734 45.66577 603.8999 106.73505 296.44598 416.1861 239.99152 812.2014 206.3457 485.02643 380.4804 206.7331 203.59369 7.6989746 633.5332 409.79462 479.45068 717.90515 152.20752 
69.81586 333.48834 364.21564 653.2119 937.24365 207.677 497.05136 139.69293 416.53064 166.2359 346.71918 480.55432 286.94653 260.70636 368.20685 302.16614 214.08282 51.177734 954.8989 999.8301 488.45422 318.20288 678.4972 738.8152 462.52722 
201.47351 802.2724 157.42224 168.5578 985.68866 588.2274 837.6244 426.85425 434.84418 769.80554 288.5559 881.5138 316.52435 486.3393 182.33295 209.1159 759.6326 226.09045 960.15643 807.4018 653.32477 907.03955 425.4124 660.4115 720.6582 
476.00342 866.3833 976.13367 11.46936 415.47595 999.8201 954.3804 246.29822 73.16577 191.35004 324.59137 327.99567 275.2876 101.859375 855.16516 765.55774 612.746 101.33215 582.0073 224.1612 428.73102 400.67126 239.66016 461.13727 296.74 
946.76636 179.87482 456.05353 195.5149 493.84225 744.45416 810.6062 808.1837 985.8062 249.04016 16.495361 616.7411 62.39331 678.7342 337.41962 80.405334 914.75793 469.5558 800.61786 139.75018 355.1374 85.388 203.0838 872.3922 103.28467 
588.7915 57.286255 19.587036 106.603516 383.57416 86.61493 882.2199 391.57568 403.80554 461.63806 295.62506 656.5867 46.268555 811.3323 931.1969 719.4442 857.1964 123.07031 671.05176 703.18945 373.67194 382.03632 491.7584 179.58398 336.70203 
862.7068 645.7715 484.0769 854.34955 207.25983 638.39355 323.7943 371.3131 823.1353 32.233337 63.835266 191.42029 589.5948 949.34985 135.55237 900.4524 607.3978 255.33698 854.17065 120.10339 645.67365 492.05368 238.86725 999.20416 841.213 
584.67957 877.6423 795.0603 269.87238 880.3898 843.3496 823.1531 56.60956 636.4707 167.76343 753.32697 32.86084 134.7544 332.5984 505.1888 32.91681 381.10016 70.23578 452.78998 749.9803 667.16406 191.04199 292.20612 173.59515 824.6154 
819.138 58.515625 481.97095 391.8581 869.23486 485.67474 500.34784 959.47 298.47632 988.8847 833.66846 228.63708 131.80139 996.40155 457.56628 778.70197 128.20966 661.381 118.76105 418.47437 575.17896 809.3154 652.77094 631.7496 570.1642 
916.4068 132.42438 40.329285 814.5028 212.2378 169.51825 436.19147 169.6358 361.55383 888.3446 193.47046 332.78387 841.97644 121.27081 696.11255 587.6593 570.7853 779.3606 279.05005 927.6363 165.53033 36.47455 660.84375 816.1363 243.93207 
766.3649 877.813 93.40503 395.1424 442.75793 814.8845 954.84894 439.7398 731.85754 477.54047 452.19757 724.2732 362.3894 146.40576 860.44403 680.4104 400.0282 154.81403 767.4349 358.36774 361.16418 975.126 785.4511 225.07635 466.95105 
179.60162 753.4403 592.08813 122.34021 844.7682 306.18372 860.83563 654.1339 997.3491 110.62573 667.8301 600.79614 464.8009 926.4476 15.684387 328.65503 294.53943 723.26154 109.53436 890.65875 630.82275 922.06085 585.23193 597.7941 355.92145 
200.99506 748.0269 47.37982 595.57666 44.60669 502.816 607.0809 723.51135 608.8242 405.96478 938.6155 596.188 550.8467 561.4597 219.70819 442.00952 165.19373 834.4104 559.0089 43.741943 192.54797 204.34406 490.2754 22.962402 926.85205 
403.70544 904.6717 965.4748 614.49677 728.3949 84.38501 562.9479 315.25073 636.6456 86.417114 149.16388 736.99457 248.94775 187.76007 242.49298 923.4218 130.47119 485.47467 359.26776 114.41034 353.17352 864.428 185.1643 479.58203 571.45447 
601.99524 801.23694 360.41968 160.34515 365.41516 31.211243 762.531 163.06848 212.09534 182.65662 81.120544 964.7576 612.3269 532.4343 982.5279 85.085754 867.7758 302.80963 172.28094 799.6902 986.0827 756.53815 779.384 519.96826 817.16284 
855.0268 130.31415 133.18024 524.97754 695.44324 277.7956 618.0199 169.03809 613.19324 953.6765 841.7482 520.8228 337.95612 92.45105 71.52997 596.5873 282.4616 807.40466 502.72714 458.755 971.2769 696.72363 328.71234 961.43066 142.17322 
175.63757 135.67468 73.48535 383.09863 82.03931 658.96277 458.72327 181.89008 47.90973 348.5119 854.7628 270.2854 407.964 760.8124 121.8598 587.3147 359.3025 134.08551 927.73315 753.09796 513.7318 571.0571 73.40216 510.20325 287.40637 
348.9803 932.05457 654.82605 915.8208 608.72034 103.26807 831.12024 512.7479 633.37585 375.80176 402.96576 983.833 649.3872 584.19434 278.17487 783.08154 509.83966 630.5371 682.0486 549.38403 898.6313 474.71332 662.99634 302.58765 819.20715 
201.02246 533.3368 140.14252 920.5842 567.31604 817.22516 459.2776 339.6745 676.2895 251.20813 145.03564 773.4081 60.607056 210.8949 468.00378 589.8041 591.3467 124.53784 178.00116 775.81323 768.2192 631.2738 135.45618 504.17422 574.2928 
449.86365 735.1904 6.869934 719.37585 656.04456 353.24078 142.23474 516.4611 707.05786 796.2505 255.6518 728.2633 961.542 692.6183 917.2821 626.1738 187.69482 820.0867 516.2505 567.412 601.3191 366.27783 382.8537 170.07037 544.7134 
708.2025 937.3256 774.91315 542.9795 212.72693 306.00555 910.5291 626.8459 714.86896 912.27124 420.38562 164.07074 581.2261 694.17865 103.462585 652.8849 262.1845 989.3255 853.8606 123.89093 501.68704 421.4063 439.4323 978.51636 615.876 
928.695 392.8424 319.33783 624.4072 764.2405 382.92816 143.2923 823.2639 579.6798 679.4785 523.1211 28.750977 281.42883 655.1775 998.6798 671.0969 654.2706 911.00323 827.0522 424.70905 659.7593 711.5846 612.7699 996.1574 80.88544 
90.43878 671.45874 898.1677 653.8478 434.41406 85.86694 156.24359 630.8373 415.85455 853.5797 319.18408 318.7818 138.69287 5.2318726 687.66034 381.47925 887.82697 569.0502 74.481384 907.13 678.2883 88.064026 168.27124 962.734 129.74622 
72.046875 84.92853 174.60315 640.4502 78.11212 833.38806 827.2046 73.943054 145.17706 114.230835 410.05432 402.07733 523.8766 610.171 721.92126 664.63855 593.56287 83.03223 705.21234 217.26471 948.4585 746.8106 359.4372 633.7954 703.23224 
522.2566 937.5046 506.63306 771.2516 471.96832 677.2699 186.76874 30.442078 966.65204 912.5963 169.44086 416.03644 587.0256 454.45087 812.2534 773.6315 977.5771 15.112549 450.484 190.26135 700.2554 278.04407 222.91711 776.51 520.76154 
385.95337 59.032837 308.294 244.68915 144.508 155.76196 30.699219 720.403 258.22144 600.7234 239.35962 776.5161 421.90405 83.86218 150.68219 943.8144 470.8501 973.6192 903.3596 474.09656 781.8067 66.98718 266.00818 370.62256 582.63696 
501.3311 890.4408 621.8064 448.60278 282.95337 883.07025 318.81677 593.77454 230.84729 344.86987 846.50684 937.5667 586.6273 971.60583 492.86014 874.7214 783.6627 913.34094 951.916 842.3128 275.28528 356.69165 211.24371 547.59314 936.56696 
128.43073 370.74243 603.0791 912.6993 793.30835 804.8468 203.89703 799.8712 225.74213 520.9813 701.4685 649.27124 275.42517 141.24347 925.39014 106.07782 674.447 115.04071 446.53748 117.45032 772.32086 788.3299 206.40277 264.2674 942.4439 
