757.42126 753.18335 215.32141 651.3656 934.4737 57.865906 108.54724 492.58255 36.129517 104.55145 793.8552 376.00507 279.86346 309.9673 765.7648 511.30127 351.02722 591.167 960.3017 204.39557 412.19568 691.3549 961.92236 776.8681 813.9833 904.1668 56.134827 87.180115 971.60034 692.5718 34.043762 264.77344 614.1649 846.79364 852.1782 
40.97986 659.6288 589.21155 183.89185 41.473755 786.8219 169.74994 512.61926 987.40814 514.99445 759.76544 307.04163 402.7989 539.9868 696.45337 543.20056 220.52155 852.8998 840.46387 619.63293 335.13055 470.45502 177.61523 44.992065 319.56665 395.01923 210.51733 734.8274 740.18353 180.055 363.6725 828.73425 205.79248 472.58014 158.55841 
384.29608 773.9747 635.58057 967.1621 432.50287 424.10046 478.0241 669.36084 486.31323 8.8689575 526.8998 487.1632 686.24133 94.0246 7.3095093 474.66492 461.5346 369.8637 324.04456 599.0331 189.4469 756.2373 361.88788 553.47235 459.09418 466.2179 617.609 269.10413 177.77533 163.70819 288.0152 832.7679 241.49414 53.76288 168.84137 
391.5244 404.6313 428.4604 931.391 710.90656 509.2218 4.3374023 164.07294 978.5246 741.30176 500.83548 44.237488 239.02386 236.5669 155.47107 906.917 73.03851 606.82275 443.2561 176.1159 67.732605 674.27124 859.3655 405.8697 278.35443 222.37451 453.62183 32.02307 363.37415 436.82916 472.37592 375.73163 49.04657 813.5658 324.76672 
455.90637 185.95874 755.34076 149.3913 998.8451 963.8555 16.030579 803.06726 727.8493 97.04401 213.60535 286.77448 797.46295 524.9116 910.7601 83.246826 614.9479 284.9419 401.1798 982.0568 406.37543 266.055 989.1871 87.13971 91.33392 550.1715 269.77972 684.32446 117.82837 301.63953 767.1181 972.93207 660.9812 404.20825 382.3128 
209.60193 413.88013 129.98901 373.8872 631.5513 843.5935 266.23407 572.7427 972.66315 45.938904 297.40265 98.08142 520.1384 672.7534 863.9805 836.0947 354.31567 282.62073 328.4245 138.97192 842.6709 336.34235 603.2514 525.643 898.97266 182.25421 464.06775 802.6875 524.2896 962.0654 741.4236 141.16345 277.77734 868.56055 764.4863 
926.5008 903.9397 616.4232 851.61145 725.14026 483.6665 710.5681 676.19073 988.5911 673.3456 870.66205 182.83899 344.81738 813.02673 226.17047 495.4315 763.5674 94.57428 264.5501 171.1789 965.1485 915.1793 435.92682 799.87964 138.50714 111.53912 878.31464 595.0895 468.5647 369.1197 475.04657 309.95563 253.23676 484.38556 116.98309 
591.0554 956.682 21.559326 979.19336 908.01733 156.943 531.7512 902.8502 462.33453 589.74915 569.95593 655.7284 762.90027 247.69202 990.9212 44.200928 428.46606 492.44833 948.1798 820.5271 873.4043 799.03577 459.1186 169.57806 337.43073 52.033875 949.32916 849.85956 698.33594 670.1103 162.31775 50.010864 679.6829 41.31244 150.13147 
233.89545 429.4768 759.48505 67.291626 653.1482 476.6571 868.9678 962.43933 919.57697 452.41034 810.5446 552.0228 87.46008 57.828674 959.97485 378.77972 937.6294 850.942 406.8532 471.97888 976.532 848.8088 214.74408 82.47766 607.3551 179.43872 141.28412 183.4165 744.9818 131.9856 868.8192 469.19196 212.32385 400.9555 788.45184 
478.67926 912.1139 51.949646 350.9676 609.3296 881.74664 363.63892 430.02704 824.07263 801.186 114.70416 742.17413 824.9134 480.58868 113.9281 363.27777 556.23425 991.7212 125.43872 825.98267 106.80298 804.88837 704.86536 882.12164 590.50244 160.32587 840.78253 330.27325 14.609802 161.98828 801.09894 721.19366 539.751 26.559204 118.25043 
267.989 425.63556 970.3085 464.9461 85.34424 665.4251 626.2989 192.12 395.77167 640.5871 59.20233 780.178 320.1728 307.58392 613.46313 374.0959 456.97284 80.13983 509.36813 95.85718 634.9638 174.33136 958.447 974.32794 759.583 110.5741 723.70276 842.00415 703.2809 226.70282 569.9941 709.4267 954.22974 791.2074 494.97568 
943.1121 66.66229 73.73218 78.644104 736.9431 980.65393 632.5901 594.7689 195.02509 442.46625 6.6864014 866.098 465.38538 664.4031 569.45215 129.33313 260.88147 286.0772 689.0598 684.77234 633.22455 815.816 211.79114 424.96954 619.13184 781.6285 656.67755 255.27429 166.16199 125.814026 577.5869 731.3405 271.62585 742.6293 35.76245 
342.70776 818.10736 422.67188 659.7314 371.75623 18.64087 319.83765 649.449 407.03845 48.826477 717.5236 402.2699 474.22394 763.4142 148.22949 61.962524 446.0121 31.615784 395.6906 640.82446 498.26862 388.1754 227.63892 688.4391 471.46814 57.37036 219.70703 144.96313 667.36865 825.81854 953.7798 728.8989 216.09015 40.167053 619.4264 
100.116516 732.09534 342.7481 999.13184 738.8749 493.6731 631.6229 532.00366 726.6951 650.9168 159.41443 903.17896 598.86664 388.60364 614.25146 222.35315 57.747986 319.31464 829.6175 98.77539 356.94305 102.83276 143.29883 478.5036 832.2991 503.01678 621.9619 932.7563 312.8468 135.27148 975.7952 396.98987 542.9685 241.30176 366.44153 
823.5814 810.39264 874.56604 175.62836 455.8244 840.75995 306.41138 847.421 505.7535 299.4829 252.76605 195.83746 518.0912 749.75244 869.3103 971.09265 104.903076 658.98364 973.15485 692.01245 550.84375 565.65234 665.9608 522.60657 616.4286 259.38623 277.06512 517.19824 783.98535 619.3239 448.49066 320.7094 813.57526 904.80334 708.3949 
494.76367 73.4906 226.64569 826.1797 59.95294 369.81195 973.746 755.8499 1.2023315 865.63354 534.3795 88.4845 987.81396 567.44507 673.5248 740.6299 139.01355 854.88745 784.5456 864.6562 894.2271 182.8504 40.30066 529.2042 28.03955 590.9081 764.03284 433.63348 573.98035 986.6987 114.22034 118.98871 103.3844 964.6638 485.38916 
550.42395 913.6087 266.38898 375.61 939.7982 716.78284 84.66589 955.222 677.7123 946.4018 331.63892 252.05853 11.243286 772.6699 926.6973 486.64014 567.12915 939.6314 791.6034 841.4466 950.22235 797.7452 897.6537 396.58276 864.33356 353.5899 345.31543 326.3316 262.98877 280.98505 522.61536 75.84515 533.3622 960.472 407.49554 
115.31732 917.7839 261.5835 998.27924 906.22864 715.2954 797.0044 503.96948 149.07446 1.1022339 640.67084 663.36487 467.17084 542.3635 795.0288 387.2296 236.07098 651.8717 594.3753 177.77972 689.1888 223.86523 647.00616 14.089478 833.0531 281.72754 775.7361 964.6273 387.83533 228.32178 596.23474 895.30725 923.03613 47.495422 344.56384 
922.999 854.9822 184.17432 833.3981 329.11108 742.5201 980.2517 659.45465 31.135132 943.1644 313.58862 609.7423 384.6311 459.57263 967.7722 240.3103 635.41504 520.52576 114.97797 465.15656 94.0625 309.87848 890.82166 911.8603 874.489 123.29089 131.68665 166.849 707.1321 839.30133 790.07 601.19507 859.7001 101.98511 559.1262 
252.49603 515.6127 801.62024 184.64325 847.428 698.54004 91.80731 121.253235 328.8457 420.62494 855.58215 985.5726 885.17395 790.5569 29.974365 453.1797 889.7285 863.83856 647.51746 791.2835 222.36908 230.85272 363.74536 186.80353 800.34827 702.0709 588.1666 112.691895 241.48834 9.684753 857.76416 920.0697 764.27045 202.01611 437.42377 
319.15735 51.393494 894.83484 90.553406 345.56067 536.2361 378.02814 9.864441 944.4191 143.80188 978.69006 2.8599854 488.52094 915.23566 515.7192 68.56958 848.26855 774.72974 926.4396 940.2932 704.09937 78.243164 399.2605 981.37744 982.30444 915.0089 594.50464 648.961 962.2348 544.3584 993.5926 510.7707 158.31622 741.5874 353.62378 
29.598328 449.94055 897.9751 551.89185 941.11395 645.36646 258.97363 754.7356 729.4153 450.59686 459.06995 341.5551 285.11694 487.13153 504.27365 80.25397 341.2777 436.9823 359.6148 31.86023 172.97662 245.23547 597.9955 557.42004 847.86896 824.1016 668.6831 921.5751 996.2123 715.46545 964.58044 40.41461 395.7812 242.25616 692.35645 
115.24567 684.2964 882.87354 863.41455 755.3253 540.8347 547.3467 792.267 394.6267 49.415955 906.69434 570.3104 399.11206 344.88867 596.0113 4.6610107 810.61237 842.0109 654.6334 612.2362 756.20886 220.15344 972.56635 837.30536 59.06256 342.09418 151.61658 239.98547 561.60803 485.409 726.72656 233.63373 699.46594 673.7915 927.3618 
742.1594 407.17517 547.78845 722.72375 83.83557 882.3765 225.04614 981.51013 549.16565 695.09186 819.34625 529.6279 714.58276 637.65436 610.50726 588.83484 208.32233 615.0371 27.062195 945.4022 24.928589 854.78235 44.35669 108.239685 21.887451 150.51917 387.06348 726.4011 775.94525 715.9469 206.52179 133.93451 623.0017 798.9447 434.80408 
740.83093 509.35776 666.12634 584.2429 770.5818 638.6323 92.20953 988.37286 707.30115 396.60168 229.4256 761.3699 935.36536 504.2692 958.9723 967.9416 35.713562 157.20886 905.1914 739.8944 861.1377 586.32336 997.9576 792.6461 892.27 149.03607 644.3298 581.7871 931.58453 958.7822 500.58972 791.20435 28.291992 217.44647 525.22205 
551.8574 823.6308 956.7823 758.37274 773.5077 383.82086 87.82416 913.1079 57.365173 804.6573 729.9626 875.8358 421.3009 318.3313 419.27246 783.9136 982.0502 297.56598 708.6295 334.06213 560.64557 63.73169 207.71606 122.849976 931.4791 216.2207 950.6762 672.16 625.91956 356.00903 233.91095 523.09955 320.23077 344.8908 891.6153 
295.5302 299.8413 502.4102 203.9212 802.05444 658.4496 434.72467 387.53027 385.055 888.3564 627.5603 189.06653 497.20938 584.6226 931.3432 271.5916 628.8495 352.24768 15.398254 749.58075 689.38855 555.74646 504.32867 500.58435 445.3672 823.6605 642.5593 613.4762 835.3286 765.00244 787.64545 866.6041 792.44885 500.09393 686.8904 
580.0154 652.6163 812.2683 991.20795 537.69275 953.1611 528.5841 493.39832 587.22906 124.84271 588.3518 761.95435 606.6942 721.4383 890.35144 665.17395 750.19836 918.7697 209.71564 460.36884 812.6303 669.6738 558.26337 384.5868 379.63354 285.6316 542.9048 46.648193 441.27258 680.1793 118.495056 399.67316 869.97595 944.3653 875.848 
202.12848 39.543945 938.76733 491.69748 0.2732544 957.2622 540.0126 975.6586 469.5558 814.43317 565.0829 271.36108 234.42163 276.91113 311.2348 337.67694 23.752686 508.758 583.4159 850.3275 846.0199 360.64935 176.5882 940.0619 879.5763 111.58258 256.24884 981.6895 528.73914 429.4933 430.30017 131.43237 899.6318 105.91986 988.33563 
291.05334 693.1527 471.9447 348.51453 829.353 177.91919 366.65784 256.39618 529.78674 718.2417 984.4712 61.137756 919.7165 222.98248 871.6879 132.32288 135.1023 730.79706 364.93787 869.94226 331.47705 736.4322 539.9573 448.373 563.5819 410.7932 921.8524 768.3628 798.81006 925.1312 594.5695 83.68292 690.01697 3.7890625 330.9345 
682.016 142.9972 673.91125 904.44824 719.2382 282.93427 277.6183 764.21533 194.36267 908.94934 863.0442 767.1013 64.38434 542.68335 660.9777 739.36084 690.8623 372.38696 227.74603 39.404297 242.44128 444.6316 276.93237 43.808105 973.9637 811.1426 545.35815 424.54596 87.6084 235.0169 349.2005 989.35815 705.91406 579.4021 173.56128 
277.09247 410.15558 850.5677 623.61426 164.81714 749.43726 463.9397 420.91565 584.11206 8.686096 637.02747 237.63586 914.0458 951.5371 362.78436 520.36914 221.1814 962.54865 309.17517 869.7777 800.3457 460.79987 864.62604 161.53558 933.338 834.7738 526.22815 347.5429 367.94495 23.809326 413.5221 102.16028 216.80145 147.7445 163.1258 
625.5043 474.8045 482.15704 533.7829 191.06311 799.8279 44.16559 642.06555 147.98889 955.827 507.56775 664.8197 905.52203 635.81335 151.8435 76.43494 490.2473 883.4841 246.35669 692.11 452.403 33.727905 251.06866 606.999 467.98932 313.2907 917.24457 434.23535 396.43677 265.8786 243.36816 774.04504 285.7572 143.83124 854.82294 
184.27197 931.2501 850.2772 290.82434 341.28546 46.920593 497.94257 996.9642 188.89423 604.4391 220.55072 344.35388 645.136 987.0855 365.03473 356.47937 270.28668 134.13422 284.224 486.20068 856.9084 962.90424 986.80054 987.157 557.365 925.8547 545.5034 468.6808 184.64227 599.6985 398.8557 786.23236 912.4328 806.628 61.02185 
687.04724 577.70984 705.92944 972.35205 756.98193 754.8217 649.2245 48.47705 471.45038 796.58923 459.9214 706.9364 366.7343 722.14276 148.63202 512.26013 430.2276 776.22797 153.26758 629.7667 149.86554 507.43546 39.566406 916.24225 515.76685 153.22498 756.5879 191.56152 464.53918 198.89612 317.3687 217.24811 797.0997 61.30829 856.56287 
445.82373 71.096436 938.2803 571.6416 648.2457 92.029175 617.147 470.42914 566.1565 540.693 419.92493 179.31421 967.2301 752.2829 891.004 576.8346 760.7443 515.3087 415.5108 478.6787 756.9932 802.29205 298.48938 883.9082 58.126038 16.584229 102.863464 607.3065 621.88525 888.4579 104.52167 856.3912 316.58673 268.1366 291.77063 
57.606018 774.49255 338.49866 213.76172 698.89453 413.45758 886.88794 291.32275 715.50354 970.3547 509.4879 555.6622 566.28394 632.5483 994.63885 220.22052 24.988281 721.7184 216.948 899.3019 504.10574 808.19147 329.3482 89.040955 715.55524 946.3432 285.6723 892.32684 801.4796 360.57605 368.9002 300.37677 464.71942 356.7708 352.961 
708.6312 624.48303 38.60144 990.0304 63.843933 717.83997 389.59857 523.634 802.44617 430.82935 454.1944 308.08813 594.508 463.84662 456.61005 796.31433 476.6206 982.7217 813.5127 80.80853 212.63385 776.15656 304.4403 797.45337 297.16125 752.699 529.7693 359.64197 933.581 291.54108 550.46985 320.56592 571.21234 20.239563 748.0194 
67.88556 957.3235 162.0003 793.7769 719.1045 368.70972 453.56897 469.66284 510.43613 536.6118 802.7695 847.203 697.145 431.09528 486.8022 430.68762 852.1703 21.948303 995.2569 822.1815 151.75568 682.83203 387.94495 125.85498 823.85144 930.59845 280.24768 174.91803 421.97156 695.4192 411.47528 241.7829 183.76685 153.0091 598.6788 
323.61823 295.14948 944.07263 26.536743 432.84247 18.41571 637.4957 340.97687 447.52716 70.43445 420.71948 871.2197 226.52118 942.78125 940.7165 944.44354 633.4174 0.5166626 697.2827 528.862 368.87115 661.87555 518.6054 900.99634 574.4387 848.8979 235.88245 12.929565 836.6575 681.29834 587.5818 792.4915 261.6062 248.4143 927.989 
229.0957 95.15521 851.05005 881.4313 912.89453 721.6792 354.32288 393.425 28.5708 853.73645 503.694 433.5962 123.11511 288.28046 624.7882 740.89246 611.0271 460.73334 776.0712 374.9928 255.38037 729.19495 677.90765 852.2114 579.2904 48.083496 124.075195 301.71545 298.31445 986.74396 869.81915 218.08826 0.5423584 653.21924 812.89636 
294.69415 498.6641 176.03363 972.8244 949.2364 67.99628 653.29333 687.8981 112.898865 362.32416 513.0348 224.9068 82.27838 88.429504 148.24573 794.0849 515.02466 958.2326 781.81824 739.75385 574.8967 491.03278 79.66742 838.7011 835.7997 617.9124 569.7445 237.02686 703.0902 571.66394 33.18103 149.96112 137.57477 193.9607 684.33777 
214.14148 989.79785 226.96594 142.77551 376.7307 609.25 278.5951 316.9334 450.16235 119.81427 770.3369 286.73065 718.7991 242.18256 832.1845 428.29724 11.689514 972.21497 489.1274 655.1958 721.95825 290.65454 927.7649 18.234802 576.10706 810.55164 527.6775 783.88446 738.0996 225.77362 148.06946 143.63794 379.90698 33.443176 746.45374 
633.1526 705.12854 778.7306 776.6006 827.8688 325.73676 369.41876 552.1413 741.76086 676.0887 444.36163 534.04895 433.2774 879.3628 396.51758 245.1117 603.5952 807.0627 152.2569 591.29114 398.04095 76.4765 509.96942 359.45105 138.23633 931.87274 182.47955 323.58246 561.2119 912.4617 95.977295 448.9145 316.70197 799.83167 256.48352 
509.70245 422.99072 564.6322 415.37347 587.22766 151.50171 298.38605 316.18945 39.5141 274.86414 267.14923 712.5897 704.16113 682.226 871.6953 307.64423 873.6349 971.8186 148.1977 61.56134 432.18353 439.91632 787.772 339.30103 752.728 36.59137 898.6333 529.6275 868.06177 44.32605 718.2844 426.2171 439.2978 324.54266 326.93146 
741.4077 652.9867 260.25293 384.2093 207.89954 856.098 752.9169 299.37347 419.1383 656.6288 484.6374 97.596985 839.374 342.724 11.54834 997.0744 222.86389 783.74567 767.64435 327.30048 801.7793 643.2693 388.76617 237.83392 757.4828 789.96155 894.0125 14.755005 770.8381 697.96484 513.4032 469.20758 367.7304 207.49463 151.73145 
314.47748 702.1994 609.2885 70.22174 659.76855 547.5231 379.02588 581.1307 918.11224 286.89642 164.19672 882.28674 971.7762 44.159912 797.9691 348.1123 784.55634 428.62616 767.53046 886.84735 725.8218 781.3423 803.1724 111.097595 938.48755 794.2834 748.20557 612.6197 829.7002 581.3141 447.08435 755.1091 686.0104 27.625061 71.086426 
270.73395 890.1344 676.4512 810.9022 534.15906 971.92194 85.79779 536.037 62.659485 896.8918 5.8516235 736.3933 46.67517 709.5842 750.2914 285.40344 826.1116 623.08826 110.319824 143.77625 719.569 137.60876 429.1186 649.22784 822.5407 23.362122 536.30457 279.84943 287.2173 535.0729 394.607 779.56775 532.02106 785.62726 521.3473 
208.92352 22.972473 605.1227 23.817993 423.5506 792.3512 644.317 808.7665 862.6371 659.8596 991.1128 930.403 958.2496 467.9859 742.35974 565.6377 72.702515 953.95935 128.57751 349.38342 995.3803 722.0097 660.4103 295.5022 202.44794 428.96667 156.15875 565.75354 119.43414 967.3444 981.48676 452.5484 334.44836 485.1665 288.45038 
471.60052 592.9481 446.76886 237.84094 351.58203 812.45624 893.6822 577.2772 157.81415 296.20953 357.82782 808.15875 549.0925 565.05273 698.1713 262.6537 325.79828 480.38165 65.386536 18.385681 667.4222 326.68903 789.5031 247.32117 139.56073 176.44128 160.9137 301.23035 326.48962 528.59 207.43884 871.67535 743.24603 672.34485 94.50818 
