5.118225E-4 9.7327546E-4 5.0815666E-4 5.1981985E-4 1.7838615E-4 
1.8253851E-4 4.4601315E-4 5.735743E-5 3.114718E-5 8.086139E-5 
1.5816915E-4 1.8354224E-4 9.4224187E-4 8.6103386E-4 3.5735374E-4 
9.845992E-4 5.9418066E-4 4.1418374E-5 1.3028168E-4 3.022704E-4 
2.2195691E-4 7.557963E-4 9.669882E-4 8.610929E-4 8.539763E-4 
1.6560232E-4 5.6359253E-4 5.4653524E-4 8.333805E-4 7.3600985E-4 
7.7804254E-4 6.3150027E-4 4.173872E-4 5.1583914E-4 6.485682E-4 
4.6565372E-4 8.5487997E-4 2.8946318E-4 4.0698654E-4 7.842101E-4 
2.656141E-4 2.183137E-4 2.062009E-4 1.6825247E-4 4.900175E-4 
5.04381E-4 8.636191E-4 9.868217E-4 1.4917422E-4 1.4726246E-4 
