9.9143E-4 5.855438E-4 6.943104E-4 3.8955282E-4 8.532492E-4 
1.06806874E-4 8.424282E-4 6.661868E-5 5.853326E-4 3.5430814E-4 
3.414191E-4 2.3046583E-4 6.932413E-4 9.211135E-4 2.8851646E-4 
9.1542146E-4 2.7987326E-4 8.4882084E-4 1.6011209E-4 4.5034726E-4 
9.335146E-4 7.86952E-4 5.175828E-4 4.9098476E-4 4.888657E-4 
2.7162253E-4 4.973701E-4 5.74722E-4 8.807438E-4 2.5530404E-4 
5.5787864E-4 1.9240582E-4 8.4789237E-4 5.0978275E-4 2.7277207E-4 
7.3314905E-6 8.5362786E-4 9.846638E-4 5.326441E-4 9.739105E-4 
9.581862E-4 1.6025442E-4 1.573996E-4 8.0426614E-4 1.0041052E-4 
2.2678541E-4 5.5993965E-4 2.3064876E-4 8.1854186E-4 5.293198E-4 
